archivebox/core/routes_util.py
  h_923c208e183a7b 136
docs/Screenshots.md
  h_923c208e183a7b 9,19,29,39,49,59,69,79,89,99,109,119,129,139,149,159,169,179,189,199,209,219,229,239,249,259,269,279,289,299,309,319,329,339,349,359,369,379,389,399,409,419,429,439,449,459,469,479,489,499,509,519,529,539,549,559,569,579,589,599,609,619,629,639,649,659,669,679,689,699,709,719
---
{
  "schema_version": "authorship/3.0.0",
  "git_ai_version": "1.7.4",
  "base_commit_sha": "a9b2ebda2c3cd50d3c260f79fb8c4205542a25e3",
  "prompts": {},
  "humans": {
    "h_923c208e183a7b": {
      "author": "Nick Sweeting <git@sweeting.me>"
    }
  }
}